2 36.1626177
3 0.601508243
4 0.521236853
5 0.237523197
6 0.0733850106
7 0.252409182
8 0.342201349
9 0.036388689
10 0.0516229223
11 0.125787052
12 0.386116838
13 0.0741620641
14 0.20077012
15 0.156033405
16 0.186085218
17 0.333615211
18 0.838371241
19 0.275296486
20 0.798229501
21 0.0520133185
22 0.331296518
23 0.37911235
24 0.349067588
25 0.281616477
26 0.639793896
27 -0.000200698419
28 0.014828512
29 0.579549633
30 0.236774083
31 0.193048192
32 0.36415893
33 0.141033157
34 0.281801797
35 0.0818780809
36 0.282278923
37 0.021952127
38 0.0444940592
39 0.0963089481
40 0.014828512
41 -0.00751855974
42 0.034808747
43 0.289710704
44 0.400885422
45 0.170901638
46 -0.0682464303
47 0.170711415
48 0.200581146
49 0.303754147
50 0.0520133185
51 0.268046022
52 0.185706062
53 0.021755685
54 0.133505503
55 0.0945334398
56 0.429676572
57 0.431986012
58 0.152484705
59 0.00553974091
60 0.0421316745
61 -0.00118726504
62 -0.00850696889
63 0.177036981
64 0.0435165285
65 0.103832541
66 0.0516229223
67 0.401245841
68 0.364522839
69 0.424075346
70 0.230263171
71 0.16337148
72 0.0441030757
73 0.0593389398
74 0.0520133185
75 0.0959223269
76 0.133505503
77 0.0371858497
78 0.0446895368
79 0.133697273
80 0.184120479
81 0.341835499
82 0.260320608
83 0.0888201023
84 0.104025556
85 0.893882208
86 -0.0852436569
87 -0.00276572555
88 0.2371486
89 0.0587320415
90 8.34573488
91 1.36092256
92 0.208304049
93 0.400885422
94 0.788132355
95 0.832701827
96 0.891802457
97 0.289710704
98 0.489419203
99 0.349067588
100 -0.10066214
101 -0.0274864717
102 0.0741979821
103 -0.235732062
104 0.0486571026
105 0.0656684586
106 0.0575627761
107 0.267014606
108 -0.0138367054
109 -0.00217432615
110 -0.0235365743
111 0.392255386
112 0.0804899293
113 0.229238443
114 0.185516503
115 0.32656316
116 0.0890137743
117 0.408254925
118 1.58566746
119 0.59342861
120 1.63237676
121 1.4834023
122 1.12630009
123 1.18674215
124 1.62604928
125 1.14430412
126 0.887355411
127 0.831585224
128 1.01060304
129 0.9644742
130 0.376255964
131 0.755890232
132 0.851795248
133 0.763506787
134 0.561626163
135 0.255748343
136 0.355022266
137 0.217411619
138 0.0294704357
139 0.0132544431
140 -0.0314467794
141 0.183552322
142 0.479213471
143 0.290728008
144 1.33827472
145 0.727141406
146 0.889559421
147 0.757483112
148 0.859066334
149 2.58255041
150 0.823040574
151 0.934452236
152 0.719878441
153 0.50469819
154 0.0358012181
155 0.393846809
156 0.795090898
157 1.29260344
158 0.659146079
159 0.971246649
160 0.125594995
161 0.273893082
162 0.445853941
163 0.503821723
164 0.581449683
165 0.415626334
166 0.934452236
167 1.23328183
168 0.79174836
169 -0.0162204356
170 1.60310342
171 0.914394491
172 0.434766175
173 0.601508243
174 0.596747183
175 0.996395036
176 1.15114631
177 0.929581182
178 1.1441148
179 0.0721920385
180 0.0660576016
181 0.741835988
182 0.821137186
183 0.325340397
184 0.273336468
185 1.00840678
186 0.608333665
187 0.591667691
188 0.175073508
189 0.802835491
190 0.958935927
191 0.980740032
192 0.705828216
193 0.467458074
194 0.607992731
195 0.569876813
196 0.785915387
197 0.0955356992
198 0.162799958
199 0.928762183
200 0.646685295
201 0.318102056
202 0.711311723
203 0.734536837
204 0.815937947
205 1.17426668
206 0.845798674
207 0.697588667
208 1.00916078
209 0.713901654
210 -0.408999397
211 0.377521117
212 0.312332867
213 0.585520431
214 1.20773129
215 0.852432718
216 0.847075083
217 0.71290446
218 0.4904761
219 0.271936018
220 0.876463829
221 1.02580367
222 0.668815269
223 0.601337164
224 1.20398445
225 0.556688555
226 0.903775745
227 0.801561999
228 0.632055675
229 0.706427702
230 0.817372381
231 0.535459594
232 0.644509905
233 1.28497989
234 1.15288772
235 0.170711415
236 0.222915419
237 0.401577509
238 0.46061254
239 0.356248287
240 0.267758849
241 0.162990457
242 0.712738591
243 0.623807541
244 0.585520431
245 0.341523819
246 0.697588667
247 0.207282593
248 0.668983532
249 0.312517102
250 0.371021863
251 1.44879203
252 0.920079345
253 0.296511185
254 1.38774482
255 0.37911235
256 0.43812226
257 0.444795315
258 0.555651308
259 0.363977035
260 0.277706007
261 0.467104836
262 0.415805838
263 0.564250232
264 0.408254925
265 0.325523594
266 0.332152188
267 0.474482388
268 0.258732027
269 0.512431044
270 1.23487946
271 0.408974592
272 0.438300826
273 1.0480682
274 1.10794711
275 0.505766819
276 1.06784792
277 0.934761262
278 1.27749584
279 1.13606899
280 0.918802513
281 1.57180435
282 0.985310908
283 1.03684379
284 3.8042859
285 1.13462831
286 0.947396163
287 -0.04053624
288 1.82002536
289 1.4940641
290 0.721476474
291 0.676556499
292 0.825912516
293 0.5876311
294 0.713735219
295 0.839489904
296 0.342201349
297 0.460434961
298 0.848356379
299 0.401245841
300 0.892592817
301 0.676892704
302 0.779766892
303 0.616984738
304 1.27063175
305 0.83318495
306 0.570392321
307 0.0441030757
308 0.0957290139
309 0.609930337
310 0.295476668
311 0.429676572
312 0.118691089
313 0.103639525
314 0.700287559
315 0.981725122
316 0.825278383
317 1.13795804
318 0.416344637
319 0.829675105
320 0.200392187
321 0.0591440314
322 0.170901638
323 0.0965022565
324 0.00731607173
325 0.0296665714
326 0.0444940592
327 0.372251557
328 0.0892074438
329 0.283020936
330 0.134080827
331 0.0662521636
332 0.0595338411
333 0.0670556278
334 0.0595338411
335 0.104218571
336 0.186085218
337 0.00691929473
338 0.0741620641
339 0.208492746
340 0.022148556
341 0.0818780809
342 0.0223449723
343 0.0818780809
344 0.0670556278
345 0.0146318031
346 0.0444940592
347 0.028871069
348 -0.000595454614
349 0.0670556278
350 -0.0528026798
351 0.238362489
352 -0.0456903635
353 0.111742843
354 0.022148556
355 0.0593389398
356 0.134080827
357 -0.0150325127
358 -0.0150325127
359 0.014828512
360 -0.0225537063
361 -0.0300679682
362 -0.0077162064
363 0.0668610186
364 0.0444940592
365 -0.0231399664
366 0.0892074438
367 0.0668610186
368 0.156474053
369 0.111742843
370 0.0371858497
371 -0.0150325127
372 0.0743563152
373 0.0369900072
374 0.118883517
375 -0.0454911218
376 0.0444940592
377 -0.00751855974
378 0.0668610186
379 0.0890137743
380 0.133889048
381 0.0144350802
382 0.0888201023
383 0.00731607173
384 0.133889048
385 0.0223449723
386 0.14875326
387 0.014828512
388 0.0371858497
389 0.0670556278
390 0.134080827
391 0.0595338411
392 0.0670556278
393 0.0668610186
394 0.0818780809
395 0.193048192
396 0.021952127
397 -0.0225537063
398 -0.0225537063
399 0.0371858497
400 0.0518181245
401 0.0146318031
402 -0.0450927089
403 0.186085218
404 0.111357397
405 0.0965022565
406 0.0894011109
407 0.0371858497
408 0.126363244
409 0.118453986
410 -0.0150325127
411 0.125787052
412 0.138248648
413 -0.0603349406
414 0.0812961933
415 0.0292742884
416 0.0296665714
417 -0.000200698419
418 -0.00751855974
419 0.0444940592
420 0.0743563152
421 -0.000200698419
422 -0.000200698419
423 -0.0077162064
424 0.0144350802
425 0.0446895368
426 0.014828512
427 0.0446895368
428 0.185895634
429 -0.00791387055
430 0.00731607173
431 0.111742843
432 0.0365844908
433 0.014828512
434 -0.0379787896
435 -0.053002195
436 -0.0302665724
437 -0.030663844
438 -0.0156263893
439 0.0359970527
440 -0.0838686485
441 0.789438986
442 0.11155012
443 -0.0077162064
444 -0.0300679682
445 -0.0300679682
446 -0.0077162064
447 0.0296665714
448 0.0520133185
449 0.0520133185
450 -0.000200698419
451 -0.0304651976
452 -0.000595454614
453 0.0296665714
454 0.104025556
455 -0.0225537063
456 -0.0150325127
457 0.0146318031
458 -0.0526230273
459 -0.0450927089
460 -0.0152304529
461 -0.0150325127
462 0.014828512
463 -0.000200698419
464 -0.000200698419
465 -0.0452919037
466 0.0666412692
467 0.0520133185
468 0.0294704357
469 -0.00751855974
470 -0.0302665724
471 -0.0225537063
472 -0.0154284117
473 0.119075948
474 -0.0077162064
475 0.0591440314
476 0.0444940592
477 0.0595338411
478 0.021952127
479 0.199372389
480 -0.0077162064
481 -0.0456903635
482 0.0967320301
483 0.0446895368
484 0.0894011109
485 0.171091871
486 0.162609468
487 0.245807193
488 0.208036904
489 0.156474053
490 0.0518181245
491 0.238175035
492 -0.0231399664
493 0.193237458
494 -0.0300679682
495 0.215757863
496 0.0967320301
497 -0.0381777334
498 -0.030663844
499 -0.0225537063
500 0.0668610186
501 0.0516229223
502 -0.0377798681
503 0.0816841221
504 0.208304049
505 0.0894011109
506 0.193616032
507 0.321258332
508 3.01887847
509 0.0801020939
510 -0.0255112172
511 0.0504325054
512 0.355022266
513 0.148944452
514 0.00672226224
515 0.0207654453
516 -0.00870470394
517 0.0514277117
518 0.0593389398
519 0.0593389398
520 0.0371858497
521 0.0371858497
522 0.0816841221
523 -0.0152304529
524 -0.000989903444
525 0.0296665714
526 -0.00791387055
527 -0.0150325127
528 0.0365844908
529 -0.0077162064
530 -0.0150325127
531 -0.0152304529
532 0.0446895368
533 0.00731607173
534 -0.0077162064
535 -0.0077162064
536 0.022148556
537 0.022148556
538 0.274553414
539 0.022148556
540 0.0369900072
541 0.697921686
542 0.170901638
543 0.0371858497
544 0.260134156
545 0.0296665714
546 0.0223449723
547 0.282464385
548 0.260134156
549 0.550377023
550 0.528073781
551 -0.00751855974
552 0.0296665714
553 -0.000200698419
554 -0.000200698419
555 0.111357397
556 0.251754195
557 0.148944452
558 0.0595338411
559 1.25525002
560 1.75230368
561 2.12015466
562 -0.137065081
563 1.42833214
564 0.125979113
565 0.156474053
566 1.34829354
567 -0.0911762611
568 0.0814901596
569 0.0518181245
570 0.185137421
571 0.014828512
572 0.0209618799
573 0.110779234
574 0.022148556
575 0.43812226
576 0.793012102
577 1.02164349
578 0.124011848
579 0.0818780809
580 0.355022266
581 0.355022266
582 0.0441030757
583 0.0662521636
584 0.0437120539
585 0.191651399
586 -0.00751855974
587 -0.00751855974
588 -0.00751855974
589 0.215004662
590 0.408075126
591 0.386116838
592 0.0741620641
593 0.00731607173
594 -0.0779350033
595 -0.137268357
596 0.193237458
597 0.363977035
598 0.119075948
599 0.138439921
600 0.234814073
601 -0.0077162064
602 -0.0468686339
603 0.0666412692
604 0.0146318031
605 0.0967320301
606 0.215569537
607 0.0593389398
608 0.0890137743
609 0.0894011109
610 0.193048192
611 0.00711899568
612 0.838371241
613 0.245620091
614 4.3408624
615 0.27352198
616 3.32839912
617 1.98096138
618 0.0814901596
619 0.0595338411
620 0.103446509
621 0.0816841221
622 0.014828512
623 0.103446509
624 0.0595338411
625 0.162990457
626 0.0223449723
627 0.540701472
628 0.192218763
629 0.0442985721
630 -0.00751855974
631 -0.0150325127
632 0.0446895368
633 0.0223449723
634 -0.00751855974
635 0.00731607173
636 -0.00791387055
637 0.0442985721
638 0.0223449723
639 -0.00751855974
640 0.0296665714
641 0.014828512
642 0.0965022565
643 0.0967320301
644 -0.0225537063
645 0.0510372649
646 0.124826793
647 0.0296665714
648 0.20077012
649 0.0963089481
650 -0.0225537063
651 0.021952127
652 0.00731607173
653 -0.00751855974
654 -0.0526230273
655 0.111164675
656 0.0520133185
657 0.312517102
658 0.222915419
659 0.453586358
660 0.014828512
661 -0.00751855974
662 -0.0381777334
663 0.014828512
664 -0.0381777334
665 0.014828512
666 1.45668776
667 10.8364373
668 1.80722606
669 0.178433062
670 0.036780282
671 0.408794605
672 0.168936098
673 0.00691929473
674 -0.0381777334
675 -0.0450927089
676 0.141416117
677 0.0437120539
678 0.577612606
679 2.33873734
680 1.0338604
681 0.00691929473
682 0.0666412692
683 -0.0609117129
684 0.0743563152
685 -0.0607118484
686 -0.0684466728
687 0.0146318031
688 0.00672226224
689 -0.0158243858
690 0.0223449723
691 0.014828512
692 -0.0227520158
693 -0.000398068315
694 -0.0150325127
695 0.0656684586
696 0.200392187
697 -0.00751855974
698 0.278075376
699 0.111357397
700 -0.0300679682
701 0.00731607173
702 0.199372389
703 0.160583827
704 0.446191037
705 0.312148664
706 0.48168562
707 0.487119375
708 0.0292742884
709 -0.0235365743
710 0.0630907502
711 0.118883517
712 0.014828512
713 0.00672226224
714 -0.0375809688
715 0.0290781292
716 -0.0763585721
717 0.393846809
718 -0.0152304529
719 -0.0605348306
720 0.0253200501
721 0.123243997
722 0.123435957
723 0.47271669
724 0.0721920385
725 0.267386677
726 -0.0300679682
727 0.511013339
728 0.0573678714
729 0.229801139
730 0.222351478
731 0.236961331
732 0.22942599
733 0.213042433
734 0.0806838407
735 0.0814901596
736 -0.0375809688
737 0.16375254
738 0.141416117
739 0.133889048
740 0.156224231
741 0.230263171
742 0.022148556
743 0.0818780809
744 0.0892074438
745 0.014828512
746 0.222915419
747 6.4275212
748 -0.00751855974
749 0.269612925
750 -0.00118726504
751 -0.00751855974
752 0.0518181245
753 0.111357397
754 0.150713056
755 -0.0603349406
756 0.0670556278
757 0.283020936
758 0.126603042
759 0.437759416
760 0.359939677
761 0.577052125
762 0.287567891
763 1.01075526
764 -0.0150325127
765 0.0371858497
766 0.0342212224
767 -0.00751855974
768 0.0520133185
769 0.199938897
770 0.0812961933
771 0.148562075
772 0.0294704357
773 0.90552013
774 0.0446895368
775 -0.000398068315
776 0.0668610186
777 0.0583423168
778 0.356248287
779 0.334473624
780 1.75798416
781 4.49536333
782 0.193237458
783 0.170901638
784 -0.00751855974
785 -0.00751855974
786 0.0668610186
787 0.185706062
788 0.014828512
789 0.141416117
790 0.0967320301
791 0.260134156
792 0.222351478
793 0.773460085
794 -0.000200698419
795 0.0579525619
796 0.014828512
797 0.0446895368
798 0.198994787
799 0.449526611
800 -0.0150325127
801 0.117107532
802 0.141033157
803 0.0739678082
804 0.104025556
805 0.412806588
806 0.286829209
807 0.0949557441
808 0.266828608
809 0.279104447
810 0.0296665714
811 -0.0308508759
812 0.104025556
813 2.23424713
814 0.55793856
815 0.0743563152
816 0.327480794
817 0.119075948
818 0.178623003
819 0.356794852
820 1.37789965
821 -0.000200698419
822 -0.0990865811
823 -0.0911762611
824 -0.0759573997
825 0.0128559318
826 0.0128559318
827 -0.113939357
828 -0.047865538
829 -0.113939357
830 -0.11333285
831 -0.105624084
832 -0.11333285
833 -0.113939357
834 -0.0984820419
835 -0.0984820419
836 0.0593389398
837 0.0296665714
838 0.0296665714
839 0.111357397
840 0.204490089
841 0.182794939
842 0.279104447
843 0.182794939
844 0.286829209
845 0.234627104
846 0.286829209
847 4.4407733
848 0.341341043
849 0.389084088
850 0.292491953
851 6.00358251
852 0.014828512
853 0.244871902
854 0.300398712
855 0.237335888
856 0.014828512
857 0.32656316
858 0.014828512
859 0.014828512
860 0.014828512
861 0.192029629
862 -0.00751855974
863 0.244871902
864 0.147932757
865 0.259290769
866 0.0816841221
867 0.590253528
868 0.339751996
869 0.0223449723
870 1.4224968
871 -0.0917799795
872 -0.0150325127
873 0.0741620641
874 0.133697273
875 0.304606383
876 0.0490474793
877 1.40789537
878 1.41552731
879 0.0666412692
880 0.200581146
881 -0.00751855974
882 -0.0757568563
883 0.0743563152
884 0.0371858497
885 0.0670556278
886 0.104218571
887 0.0595338411
888 -0.0755563412
889 -0.129560031
890 -0.0844396932
891 -0.138029787
892 -0.15207143
893 -0.129965997
894 -0.15227533
895 0.0520133185
896 0.0666412692
897 0.0441030757
898 0.0666412692
899 0.0811022233
900 0.022148556
901 0.0442985721
902 -0.0452919037
903 -0.0452919037
904 0.111742843
905 0.431806795
906 0.743267664
907 -0.0603349406
908 0.0371858497
909 0.296880612
910 -0.0150325127
911 0.132738463
912 -0.00079285741
913 -0.182548285
914 -0.144976097
915 -0.0828644236
916 0.022148556
917 -0.152479272
918 0.0890137743
919 -0.0300679682
920 -0.0300679682
921 -0.0150325127
922 0.2371486
923 0.133697273
924 0.0371858497
925 1.94001873
926 0.385936007
927 -0.0383766996
928 -0.129965997
929 1.35592027
930 0.0998966322
931 0.207848303
932 0.815617089
933 1.35592027
934 -0.114141595
935 -0.136658644
936 0.022148556
937 0.259663381
938 0.155460975
939 0.00731607173
940 0.289525623
941 0.200581146
942 0.0963089481
943 0.0664467195
944 0.171091871
945 0.294370318
946 0.00711899568
947 0.0587320415
948 0.0516229223
949 0.385248459
950 0.126171177
951 0.0223449723
952 0.119075948
953 0.260134156
954 0.0733850106
955 0.0223449723
956 0.126603042
957 1.45575838
958 -0.0452919037
959 0.00691929473
960 -0.0300679682
961 0.252595903
962 0.0223449723
963 0.356977117
964 1.89582638
965 2.11124683
966 0.0444940592
967 0.022148556
968 2.05894229
969 0.0446895368
970 -0.0996914108
971 1.422243
972 1.41552731
973 0.022148556
974 0.341158304
975 0.260507083
976 0.215946205
977 0.0444940592
978 0.48168562
979 0.148944452
980 0.141224634
981 0.208492746
982 0.0892074438
983 0.0670556278
984 0.0894011109
985 0.148944452
986 0.141416117
987 0.0670556278
988 0.119075948
989 0.0444940592
990 0.0670556278
991 0.0670556278
992 0.252595903
993 0.0223449723
994 0.170901638
995 0.0446895368
996 0.104025556
997 0.104218571
998 0.177796237
999 0.111164675
1000 0.274182035
1001 0.327297198
1002 0.0371858497
1003 0.0371858497
1004 0.236399646
1005 0.185137421
1006 0.00691929473
1007 0.137674855
1008 -0.0150325127
1009 0.126363244
1010 -0.0077162064
1011 0.215381228
1012 0.0892074438
1013 0.0888201023
1014 0.0569565561
1015 -0.0152304529
1016 0.00731607173
1017 0.104025556
1018 0.11155012
1019 0.234351762
1020 0.103832541
1021 0.103832541
1022 0.0743563152
1023 0.171282115
1024 0.251940786
1025 1.88796386
1026 0.297619821
1027 -0.000200698419
1028 0.0369900072
1029 0.519373889
1030 0.236399646
1031 0.0459060134
1032 -0.0338196002
1033 0.517894163
1034 0.0369900072
1035 1.12839323
1036 0.0816841221
1037 0.289710704
1038 0.0593389398
1039 0.111164675
1040 0.163562006
1041 0.163562006
1042 0.3499298
1043 0.111164675
1044 0.186085218
1045 0.0668610186
1046 0.0743563152
1047 -0.0235365743
1048 0.0595338411
1049 0.0294704357
1050 0.0818780809
1051 0.957854682
1052 1.44076756
1053 0.200392187
1054 -0.0379787896
1055 0.250448681
1056 0.222539441
1057 0.186085218
1058 0.156224231
1059 0.979299577
1060 0.111357397
1061 0.0518181245
1062 0.110779234
1063 0.0670556278
1064 0.103446509
1065 -0.0150325127
1066 -0.147367148
1067 0.195828083
1068 0.0589491157
1069 0.809305562
1070 0.00711899568
1071 0.770109144
1072 2.00219987
1073 0.429676572
1074 0.036780282
1075 0.185516503
1076 0.483435546
1077 0.0593389398
1078 -0.0174024822
1079 0.177796237
1080 0.125979113
1081 0.803485076
1082 0.0812961933
1083 -0.031049489
1084 0.0741620641
1085 0.0587320415
1086 0.0666412692
1087 0.0735792815
1088 0.0223449723
1089 0.495025527
1090 0.208036904
1091 0.163562006
1092 0.264684355
1093 0.16375254
1094 0.156474053
1095 0.290190338
1096 0.0814901596
1097 0.523847764
1098 -0.0456903635
1099 0.540874845
1100 0.14875326
1101 0.325523594
1102 0.319876125
1103 0.0359970527
1104 0.156224231
1105 0.0223449723
1106 0.178433062
1107 0.021952127
1108 0.0296665714
1109 0.014828512
1110 0.125979113
1111 -0.0235365743
1112 0.362568081
1113 0.103832541
1114 0.0814901596
1115 0.0294704357
1116 0.0814901596
1117 0.0595338411
1118 0.0413494743
1119 0.014828512
1120 0.0146318031
1121 0.0365844908
1122 0.021755685
1123 0.0814901596
1124 0.0595338411
1125 0.16337148
1126 0.0144350802
1127 0.0595338411
1128 0.022148556
1129 0.0591440314
1130 0.104025556
1131 0.0595338411
1132 0.0735792815
1133 0.0743563152
1134 0.230638602
1135 0.0595338411
1136 0.0743563152
1137 0.0890137743
1138 0.103446509
1139 0.193237458
1140 0.0773575238
1141 0.0595338411
1142 -0.0526230273
1143 0.014828512
1144 -0.0844396932
1145 0.014828512
1146 0.521034336
1147 0.444973325
1148 0.0818780809
1149 -0.0379787896
1150 0.480623952
1151 -0.00751855974
1152 -0.0154284117
1153 0.282464385
1154 -0.0229416925
1155 0.110971954
1156 0.014828512
1157 0.0741620641
1158 -0.0351988763
1159 0.0799081697
1160 0.170266782
1161 -0.0540001433
1162 -0.0681454776
1163 0.088593014
1164 0.356794852
1165 0.319571684
1166 0.451112987
1167 0.0593389398
1168 0.0967320301
1169 -0.0233382603
1170 -0.00751855974
1171 0.0743563152
1172 0.022148556
1173 0.109388928
1174 -0.0077162064
1175 0.148944452
1176 0.0518181245
1177 0.111164675
1178 -0.0375809688
1179 0.0502373147
1180 -0.0154284117
1181 0.519465215
1182 0.14875326
1183 0.022148556
1184 0.0518181245
1185 0.0296665714
1186 -0.0156263893
1187 0.126363244
1188 2.00696885
1189 0.014828512
1190 0.453586358
1191 0.0510372649
1192 0.0731907345
1193 0.00672226224
1194 0.0203725355
1195 0.028871069
1196 0.0209618799
1197 0.171282115
1198 0.0818780809
1199 0.928762183
1200 0.0666412692
1201 0.126603042
1202 0.757483112
1203 0.669151881
1204 0.0593389398
1205 -0.0931546055
1206 0.585451491
1207 -0.0986835228
1208 -0.0227520158
1209 0.0371858497
1210 1.62930074
1211 0.119075948
1212 0.186085218
1213 0.524715077
1214 0.0296665714
1215 -0.00751855974
1216 0.197410448
1217 2.07465495
1218 0.139831652
1219 1.6064715
1220 1.6064715
1221 0.141416117
1222 0.119075948
1223 0.260320608
1224 2.02907152
1225 0.021952127
1226 -0.00751855974
1227 -0.0152175809
1228 0.104025556
1229 0.11155012
1230 -0.0300679682
1231 0.119075948
1232 0.215946205
1233 0.174438882
1234 0.0442985721
1235 0.319387865
1236 0.29706537
1237 -0.00751855974
1238 0.133507943
1239 -0.101267519
1240 -0.137878417
1241 0.0973152866
1242 0.0741620641
1243 0.0656684586
1244 0.0350045653
1245 0.0741620641
1246 0.0516229223
1247 0.525956212
1248 1.45961761
1249 0.310926808
1250 0.310926808
1251 0.022148556
1252 0.310926808
1253 0.022148556
1254 0.0963089481
1255 0.0890137743
1256 0.162990457
1257 0.0670556278
1258 0.156474053
1259 0.156474053
1260 0.667723355
1261 0.435996868
1262 0.133697273
1263 0.133697273
1264 0.942355216
1265 0.0520133185
1266 1.46632886
1267 0.245058917
1268 0.123243997
1269 0.014828512
1270 0.0965022565
1271 0.310926808
1272 0.310926808
1273 0.0223449723
1274 0.178175931
1275 0.391567315
1276 0.42301925
1277 -0.0152304529
1278 0.696495036
1279 0.0967320301
1280 0.200959109
1281 0.200959109
1282 0.312517102
1283 0.155842587
1284 0.528073781
1285 0.594853022
1286 0.0818780809
1287 0.305159961
1288 0.0444940592
1289 0.0296665714
1290 0.022148556
1291 0.00711899568
1292 -0.0152304529
1293 0.533864541
1294 0.711807527
1295 0.0814901596
1296 0.0894011109
1297 0.0664467195
1298 -0.14456888
1299 0.281431185
1300 0.0286749589
1301 -0.191622261
1302 0.19956121
1303 -0.0154284117
1304 0.0442985721
1305 0.0812961933
1306 0.118261631
1307 0.548990161
1308 0.0223449723
1309 0.0446895368
1310 0.0890137743
1311 0.155651777
1312 -0.00751855974
1313 0.245807193
1314 0.37998101
1315 0.244684909
1316 0.252222483
1317 0.0446895368
1318 0.104218571
1319 0.0967320301
1320 0.0818780809
1321 0.0446895368
1322 0.104218571
1323 0.126171177
1324 0.134080827
1325 0.0223449723
1326 0.0223449723
1327 0.0670556278
1328 0.0670556278
1329 0.0446895368
1330 0.0446895368
1331 0.0446895368
1332 0.0223449723
1333 0.0446895368
1334 0.0446895368
1335 0.0446895368
1336 0.0965022565
1337 0.183362959
1338 -0.000595454614
1339 0.264684355
1340 -0.0454911218
1341 -0.00850696889
1342 0.134080827
1343 -0.0696224335
1344 0.0890137743
1345 -0.0621114507
1346 0.00731607173
1347 -0.00751855974
1348 -0.0150325127
1349 0.100668213
1350 0.141416117
1351 0.0211662805
1352 0.0371858497
1353 0.252595903
1354 0.185895634
1355 0.0959223269
1356 0.103639525
1357 0.103639525
1358 0.0369900072
1359 0.0369900072
1360 0.0369900072
1361 0.0595338411
1362 0.0446895368
1363 0.0595338411
1364 -0.0077162064
1365 0.0666412692
1366 -0.0077162064
1367 -0.0077162064
1368 0.0666412692
1369 0.0743563152
1370 0.0743563152
1371 0.0595338411
1372 1.04333601
1373 0.156033405
1374 1.94081439
1375 0.142259151
1376 0.301798846
1377 0.0577576729
1378 0.260320608
1379 0.235749209
1380 0.943639346
1381 1.82438151
1382 0.237523197
1383 0.00575311598
1384 0.0727747187
1385 0.14875326
1386 0.0442985721
1387 0.185137421
1388 0.207094055
1389 0.0664467195
1390 0.213042433
1391 0.0442985721
1392 0.0446895368
1393 0.0446895368
1394 0.0670556278
1395 0.446746094
1396 0.848999852
1397 0.469408723
1398 0.022148556
1399 -0.0844396932
1400 0.489595204
1401 0.533864541
1402 0.489595204
1403 0.533864541
1404 0.0741620641
1405 0.0446895368
1406 0.0670556278
1407 0.0882057968
1408 0.110779234
1409 0.0591440314
1410 0.206528532
1411 0.118069277
1412 0.191462304
1413 0.376617229
1414 0.0144350802
1415 0.332152188
1416 0.088593014
1417 0.0446895368
1418 0.207094055
1419 -0.594757528
1420 0.036388689
1421 3.59299718
1422 0.31633182
1423 0.0446895368
1424 0.333615211
1425 0.635595292
1426 0.014828512
1427 0.0595338411
1428 0.245527026
1429 0.0146318031
1430 0.452703778
1431 0.267200629
1432 0.140841685
1433 0.0890137743
1434 -0.0302665724
1435 0.193048192
1436 0.0223449723
1437 0.022148556
1438 0.39456958
1439 0.0741620641
1440 0.126363244
1441 0.162990457
1442 0.15527018
1443 0.177986079
1444 0.252782647
1445 0.0743563152
1446 -0.00791387055
1447 0.316515059
1448 -0.0391580193
1449 0.580803539
1450 -0.0077162064
1451 -0.0300679682
1452 0.0520133185
1453 -0.0304651976
1454 0.0816841221
1455 0.124587759
1456 0.229988743
1457 0.021755685
1458 0.360980815
1459 -0.0156263893
1460 -0.0375809688
1461 0.021952127
1462 0.0371858497
1463 0.0959223269
1464 0.103446509
1465 0.341158304
1466 4.50700572
1467 0.126171177
1468 0.185137421
1469 0.036388689
1470 0.251754195
1471 0.0506276873
1472 0.103639525
1473 0.214170953
1474 1.71565906
1475 0.408254925
1476 0.0894011109
1477 0.312148664
1478 0.312148664
1479 0.0589491157
1480 0.0142383432
1481 -0.00079285741
1482 0.133889048
1483 0.237523197
1484 0.195828083
1485 0.161025084
1486 0.0892074438
1487 0.0437120539
1488 -0.00811155229
1489 0.110779234
1490 0.013451252
1491 0.504873668
1492 0.219743675
1493 0.304596141
1494 0.145394174
1495 0.0294704357
1496 0.103446509
1497 0.0737735473
1498 0.20077012
1499 -0.00791387055
1500 -0.0225537063
1501 -0.0304651976
1502 0.088593014
1503 0.421250159
1504 0.0890137743
1505 0.185326956
1506 0.111164675
1507 0.441443854
1508 0.0883994068
1509 -0.0628687429
1510 0.214170953
1511 0.0814901596
1512 0.0442985721
1513 -0.0154284117
1514 0.0741620641
1515 0.103060476
1516 0.438658113
1517 -0.0452919037
1518 0.0668610186
1519 -0.0154284117
1520 0.0209618799
1521 0.0433209933
1522 0.0585371828
1523 0.00711899568
1524 0.124011848
1525 0.429676572
1526 0.0888201023
1527 0.713070424
1528 2.98368442
1529 0.384345874
1530 0.0294704357
1531 0.443906049
1532 0.215004662
1533 1.40751245
1534 0.163180964
1535 0.00711899568
1536 0.0816841221
1537 -0.0077162064
1538 0.0967320301
1539 0.0518181245
1540 0.0668610186
1541 -0.173064812
1542 -0.136100582
1543 -0.122615543
1544 0.0670556278
1545 0.022148556
1546 0.0818780809
1547 -0.0300679682
1548 0.361705809
1549 0.00731607173
1550 0.111357397
1551 0.0595338411
1552 0.0518181245
1553 0.014828512
1554 0.0816841221
1555 0.00731607173
1556 -0.00791387055
1557 0.0371858497
1558 0.021952127
1559 0.0660576016
1560 0.0296665714
1561 0.0646710934
1562 0.0213627618
1563 0.0888201023
1564 -0.0454911218
1565 0.16375254
1566 0.014828512
1567 0.333924132
1568 0.126363244
1569 0.111164675
1570 0.252222483
1571 0.363112879
1572 -0.0150325127
1573 0.0146318031
1574 0.0892074438
1575 0.0739678082
1576 0.0369900072
1577 0.133121975
1578 0.386659592
1579 0.297917008
1580 0.0743563152
1581 0.133697273
1582 1.8593972
1583 0.103639525
1584 0.0369900072
1585 0.0739678082
1586 0.0296665714
1587 0.126603042
1588 0.253156203
1589 0.297434974
1590 0.014828512
1591 0.47607665
1592 0.245620091
1593 -0.000200698419
1594 -0.0077162064
1595 0.00731607173
1596 -0.0302665724
1597 -0.0302665724
1598 0.588320508
1599 0.178175931
1600 0.177606407
1601 0.370840441
1602 0.147932757
1603 0.171282115
1604 0.586206376
1605 0.104218571
1606 1.50241628
1607 0.0818780809
1608 0.0294704357
1609 0.28087547
1610 -0.0300679682
1611 -0.00079285741
1612 -0.0302665724
1613 0.177036981
1614 0.294554638
1615 0.0967320301
1616 -0.0302665724
1617 0.126603042
1618 0.0296665714
1619 0.0294704357
1620 0.0668610186
1621 2.6122457
1622 0.0508228603
1623 0.109003631
1624 -0.0158243858
1625 -0.0158243858
1626 -0.0601350764
1627 0.0812961933
1628 -0.144161822
1629 0.0514277117
1630 0.0593389398
1631 -0.0187824813
1632 0.118691089
1633 0.0442985721
1634 0.014828512
1635 0.0442985721
1636 0.132930217
1637 1.51159235
1638 0.110352171
1639 0.365002727
1640 -0.16059422
1641 0.321988084
1642 -0.0300679682
1643 0.0358012181
1644 0.318836607
1645 -0.0775335246
1646 0.318836607
1647 -0.0919812813
1648 -0.0547782923
1649 0.170266782
1650 0.140841685
1651 -0.0154284117
1652 0.229801139
1653 0.014828512
1654 0.571466939
1655 0.103832541
1656 0.126171177
1657 0.103832541
1658 0.103832541
1659 0.0510372649
1660 0.0811022233
1661 0.104218571
1662 0.510105015
1663 0.00969829884
1664 -0.00811155229
1665 0.0223449723
1666 0.0223449723
1667 0.0595338411
1668 -0.00811155229
1669 0.0223449723
1670 0.0508228603
1671 -0.00811155229
1672 0.0963089481
1673 1.57109005
1674 0.111357397
1675 0.070222892
1676 0.0433209933
1677 0.0213627618
1678 0.0213627618
1679 0.0965022565
1680 0.0888201023
1681 0.0888201023
1682 0.0965022565
1683 0.230263171
1684 1.45961761
1685 0.0296665714
1686 0.0963089481
1687 -0.115109877
1688 -0.0994897685
1689 -0.145179764
1690 0.022148556
1691 0.0446895368
1692 -0.000200698419
1693 0.0371858497
1694 0.022148556
1695 0.0223449723
1696 0.0446895368
1697 0.00731607173
1698 0.245058917
1699 0.357159422
1700 -0.00751855974
1701 0.0729964532
1702 -0.0907739369
1703 0.0146318031
1704 0.207659717
1705 0.014828512
1706 0.126171177
1707 0.0146318031
1708 0.0223449723
1709 0.0892074438
1710 0.519118357
1711 0.0371858497
1712 0.014828512
1713 0.0957290139
1714 0.133889048
1715 0.298450855
1716 0.222539441
1717 0.215381228
1718 -0.0401532671
1719 0.747823452
1720 0.0595338411
1721 0.156033405
1722 0.133697273
1723 0.133697273
1724 0.126171177
1725 0.126171177
1726 0.126171177
1727 0.126171177
1728 0.162167346
1729 -0.106997003
1730 0.0668610186
1731 0.0437120539
1732 -0.168505382
1733 -0.0941266423
1734 0.0520133185
1735 -0.0623114997
1736 -0.108774758
1737 -0.168505382
1738 -0.00830925171
1739 0.0223449723
1740 0.103832541
1741 0.103832541
1742 0.103832541
1743 0.021952127
1744 0.0142383432
1745 -0.0150325127
1746 3.10715137
1747 0.0140415919
1748 0.119075948
1749 1.09859741
1750 0.498209002
1751 0.215192936
1752 -0.0227520158
1753 0.138631199
1754 0.0442985721
1755 0.505415329
1756 0.0595338411
1757 0.104218571
1758 0.0446895368
1759 -0.0909750836
1760 0.357159422
1761 0.0223449723
1762 0.0223449723
1763 0.126363244
1764 0.0446895368
1765 0.0670556278
1766 0.0446895368
1767 0.0670556278
1768 0.148944452
1769 0.156474053
1770 0.0595338411
1771 0.126363244
1772 -0.0176005773
1773 0.0741620641
1774 0.361343234
1775 -0.0077162064
1776 -0.0176005773
1777 -0.0474667032
1778 -0.0474667032
1779 0.547916169
1780 0.055787287
1781 1.52152841
1782 0.0223449723
1783 0.0193900208
1784 0.0296665714
1785 0.0967320301
1786 0.0446895368
1787 0.0223449723
1788 0.116102021
1789 0.055787287
1790 0.742000205
1791 0.0811022233
1792 0.415805838
1793 0.230450877
1794 0.319020327
1795 0.006328151
1796 0.590933727
1797 0.3499298
1798 0.0296665714
1799 0.0670556278
1800 -0.0623114997
1801 -0.135694364
1802 0.178433062
1803 0.0666412692
1804 0.104025556
1805 0.0146318031
1806 0.00731607173
1807 0.0812961933
1808 0.290190338
1809 0.585863255
1810 0.0892074438
1811 0.249981582
1812 0.530344701
1813 0.177036981
1814 0.170901638
1815 0.0670556278
1816 0.215757863
1817 0.215757863
1818 0.185706062
1819 0.0446895368
1820 0.0446895368
1821 0.0668610186
1822 0.036388689
1823 0.0967320301
1824 0.014828512
1825 2.3738587
1826 0.014828512
1827 0.230826346
1828 0.200959109
1829 0.171282115
1830 0.126363244
1831 0.386840598
1832 0.282835391
1833 0.282835391
1834 0.297619821
1835 0.252969414
1836 0.349747109
1837 0.252969414
1838 0.267758849
1839 0.223291471
1840 0.238175035
1841 0.320060069
1842 0.223291471
1843 0.193237458
1844 0.275110679
1845 0.178433062
1846 0.178433062
1847 0.319571684
1848 0.267386677
1849 0.237710526
1850 0.192858939
1851 0.52789899
1852 0.340245149
1853 0.42389594
1854 0.356612625
1855 0.251940786
1856 0.186085218
1857 0.42389594
1858 0.312701369
1859 -0.00830925171
1860 -0.00830925171
1861 -0.00889910056
1862 -3.34483592E-06
1863 0.0670556278
1864 0.0118718844
1865 0.16375254
1866 -0.0601350764
1867 0.104218571
1868 -0.0601350764
1869 0.022148556
1870 0.0894011109
1871 0.0442985721
1872 2.0813833
1873 0.960810623
1874 0.155079393
1875 0.211083175
1876 -0.0377798681
1877 0.211834571
1878 0.111357397
1879 0.639963872
1880 0.200127762
1881 0.237710526
1882 1.37040074
1883 0.349067588
1884 0.0883994068
1885 0.0818780809
1886 0.10263573
1887 0.103832541
1888 -0.0399541712
1889 0.0812961933
1890 -0.0152304529
1891 -0.0848416145
1892 0.103832541
1893 1.71169699
1894 0.0446895368
1895 0.0595338411
1896 0.140650218
1897 0.0888201023
1898 1.48209577
1899 0.207282593
1900 0.0816841221
1901 0.362749641
1902 0.0888201023
1903 0.115525212
1904 0.0892074438
1905 0.014828512
1906 0.00731607173
1907 0.0446895368
1908 0.189705273
1909 0.104218571
1910 0.104218571
1911 -0.0191788217
1912 -0.000595454614
1913 -0.0605114554
1914 0.147550581
1915 -0.038760081
1916 0.0520133185
1917 0.478512237
1918 0.356794852
1919 0.300695756
1920 0.0818780809
1921 0.349747109
1922 0.116915188
1923 0.285983087
1924 0.334473624
1925 0.169506334
1926 0.289155548
1927 0.109388928
1928 -0.0185843415
1929 0.251940786
1930 0.259663381
1931 -0.106391348
1932 0.0949557441
1933 0.0660576016
1934 0.0544022165
1935 0.0706113302
1936 0.154888613
1937 2.651877
1938 -0.248618432
1939 1.10794711
1940 0.118691089
1941 0.178623003
1942 0.171091871
1943 0.126603042
1944 0.104025556
1945 0.11155012
1946 0.171091871
1947 -0.0933560493
1948 -0.0399541712
1949 0.115717481
1950 0.123819882
1951 0.101478018
1952 0.169886538
1953 -0.0375809688
1954 0.222351478
1955 0.245058917
1956 0.259104498
1957 0.0894011109
1958 0.325706823
1959 0.111742843
1960 0.14875326
1961 0.719217634
1962 0.126603042
1963 -0.0300679682
1964 0.118453986
1965 0.483456133
1966 -0.0549779816
1967 -0.000381296537
1968 -0.00968999446
1969 -0.0152304529
1970 0.124203816
1971 0.138439921
1972 0.17621143
1973 0.0743563152
1974 1.04575189
1975 0.5575916
1976 -0.0450927089
1977 0.326746618
1978 0.319387865
1979 0.341158304
1980 0.504873668
1981 0.0894011109
1982 0.326746618
1983 0.504347419
1984 -0.211793711
1985 0.0587320415
1986 0.0739678082
1987 0.178623003
1988 0.0591440314
1989 -0.0759573997
1990 -0.000200698419
1991 0.0514277117
1992 0.00652521436
1993 -0.0379787896
1994 0.014828512
1995 0.339204923
1996 0.185137421
1997 0.110544821
1998 0.133697273
1999 0.103639525
2000 0.397349822
2001 0.177606407
2002 0.0371858497
2003 0.505415329
2004 0.459725193
2005 0.0444940592
2006 0.0587320415
2007 0.0894011109
2008 0.0894011109
2009 -0.212413316
2010 0.48168562
2011 0.108769959
2012 0.0223449723
2013 0.235001061
2014 0.125594995
2015 0.266642634
2016 0.0797142411
2017 0.439334139
2018 -0.00791387055
2019 0.757647034
2020 0.139831652
2021 -0.0152304529
2022 0.0444940592
2023 0.0666412692
2024 0.0197830684
2025 0.0716093069
2026 0.10819222
2027 0.353616916
2028 0.211458842
2029 -0.0150325127
2030 0.118886507
2031 0.141224634
2032 0.293908744
2033 -0.0375809688
2034 0.108769959
2035 0.0444940592
2036 0.222539441
2037 0.10819222
2038 -0.0992881586
2039 0.108769959
2040 0.0441030757
2041 0.0441030757
2042 0.0739678082
2043 0.0963089481
2044 0.088593014
2045 0.177606407
2046 -0.000200698419
2047 -0.0181949814
2048 0.0888201023
2049 0.285798654
2050 -0.0694221039
2051 0.0652792899
2052 0.0652792899
2053 0.204490089
2054 0.300215055
2055 -0.0682464303
2056 0.379956538
2057 1.32946247
2058 0.0365844908
2059 0.153495439
2060 0.13096342
2061 0.204113702
2062 0.0965022565
2063 0.0712207896
2064 -0.0300679682
2065 0.0753611387
2066 -0.0098877637
2067 -0.000200698419
2068 -0.0476661083
2069 -0.0476661083
2070 -0.0545786286
2071 -0.0545786286
2072 -0.0545786286
2073 -0.0328255994
2074 -0.0158243858
2075 0.0664811111
2076 -0.0703974798
2077 -0.000200698419
2078 0.36379518
2079 0.237335888
2080 0.215757863
2081 0.453942586
2082 0.185326956
2083 0.906960402
2084 0.0818780809
2085 0.0818780809
2086 0.26757275
2087 0.141416117
2088 0.0223449723
2089 0.342384329
2090 0.104218571
2091 0.111742843
2092 0.178623003
2093 0.16375254
2094 0.00691929473
2095 -0.000200698419
2096 0.021952127
2097 2.24640483
2098 0.0518181245
2099 0.0292742884
2100 2.0852385
2101 0.335023435
2102 0.53528516
2103 0.014828512
2104 -0.0984820419
2105 -0.135257101
2106 -0.0247175639
2107 -0.158027558
2108 -0.0251143487
2109 -0.0526230273
2110 0.212666389
2111 0.0112976909
2112 0.629782224
2113 0.133125968
2114 0.151531981
2115 0.0122655486
2116 0.00474928421
2117 0.0627016819
2118 0.0199795712
2119 0.0122655486
2120 0.0547919881
2121 0.119075948
2122 0.151531981
2123 0.107999639
2124 0.119890366
2125 0.0967320301
2126 -0.0302665724
2127 0.104025556
2128 -0.135491311
2129 0.0425227116
2130 0.0433209933
2131 0.0128559318
2132 -0.0994897685
2133 0.0128559318
2134 0.0737735473
2135 0.0890137743
2136 0.00731607173
2137 0.312148664
2138 0.170711415
2139 -0.115312244
2140 -0.0255112172
2141 -0.103815963
2142 0.0656684586
2143 -0.100460413
2144 0.132738463
2145 -0.0411335801
2146 0.333615211
2147 0.0128559318
2148 0.859908951
2149 0.79381922
2150 0.0371858497
2151 0.0593389398
2152 0.0741620641
2153 -0.0150325127
2154 0.132738463
2155 0.0369900072
2156 0.0369900072
2157 0.125787052
2158 0.109966873
2159 1.2217212
2160 0.0518181245
2161 0.156224231
2162 0.0668610186
2163 0.0595338411
2164 0.0593389398
2165 1.48782449
2166 1.61366223
2167 0.109966873
2168 -0.0229416925
2169 0.0223449723
2170 -0.0162204356
2171 -0.0302665724
2172 -0.0526230273
2173 0.0223449723
2174 0.0874313272
2175 -0.000200698419
2176 0.116294292
2177 0.274182035
2178 0.111742843
2179 0.0668610186
2180 0.0516229223
2181 -0.0694221039
2182 0.148123855
2183 0.0890137743
2184 0.266828608
2185 0.0446895368
2186 0.0296665714
2187 0.0128559318
2188 -0.14456888
2189 1.65962176
2190 0.829834282
2191 0.371706504
2192 0.0128559318
2193 0.0579525619
2194 0.0882057968
2195 0.0957290139
2196 0.0882057968
2197 0.0223449723
2198 -0.0759573997
2199 0.0371858497
2200 0.0294704357
2201 0.0371858497
2202 0.141416117
2203 0.0444940592
2204 0.230450877
2205 0.0670556278
2206 0.0520133185
2207 0.0818780809
2208 0.0818780809
2209 0.0818780809
2210 0.0595338411
2211 0.148123855
2212 -0.241122735
2213 -0.0154284117
2214 -0.0158243858
2215 -0.000200698419
2216 -0.000200698419
2217 0.0223449723
2218 0.0741620641
2219 -0.0150325127
2220 0.0223449723
2221 0.384887296
2222 0.178623003
2223 -0.000595454614
2224 0.0965022565
2225 0.0371858497
2226 1.70477163
2227 -0.0300679682
2228 0.0965022565
2229 0.340427708
2230 -0.000200698419
2231 -0.00751855974
2232 -0.0375809688
2233 -0.00791387055
2234 0.0444940592
2235 0.140650218
2236 -0.0150325127
2237 0.022148556
2238 -0.000200698419
2239 0.140841685
2240 -0.0227520158
2241 -0.0229416925
2242 -0.0605348306
2243 0.0965022565
2244 0.104218571
2245 -0.107198955
2246 -0.15942865
2247 0.022148556
2248 0.0223449723
2249 0.16375254
2250 0.0371858497
2251 0.312701369
2252 0.0595338411
2253 1.52605697
2254 -0.129357103
2255 -0.0917799795
2256 0.504347419
2257 0.014828512
2258 -0.0302665724
2259 0.155651777
2260 0.360618551
2261 0.346567453
2262 0.359577911
2263 0.0743563152
2264 0.118453986
2265 0.118453986
2266 0.155460975
2267 0.326746618
2268 0.0818780809
2269 0.0818780809
2270 0.0520133185
2271 0.0591440314
2272 -0.0462882304
2273 -0.106229577
2274 0.0741620641
2275 0.0595338411
2276 0.0890137743
2277 0.111357397
2278 0.0520133185
2279 0.0741620641
2280 0.058959365
2281 0.0520133185
2282 -0.249450811
2283 0.282835391
2284 0.0142383432
2285 0.022148556
2286 0.0965022565
2287 0.0144350802
2288 0.0670556278
2289 0.319571684
2290 0.160203302
2291 0.0737735473
2292 0.0294704357
2293 0.021755685
2294 0.014828512
2295 0.111164675
2296 -0.0225537063
2297 -0.000200698419
2298 0.0520133185
2299 0.014828512
2300 0.535459594
2301 -0.0233382603
2302 0.0286749589
2303 0.288415736
2304 0.184568889
2305 1.42987549
2306 0.111164675
2307 0.110971954
2308 0.68634606
2309 -0.159224438
2310 0.0446895368
2311 -0.0834668698
2312 0.371203326
2313 0.207659717
2314 0.133697273
2315 0.151722514
2316 0.0508228603
2317 0.155651777
2318 0.178623003
2319 0.132738463
2320 0.31111076
2321 0.0737735473
2322 0.0144350802
2323 -0.00118726504
2324 -0.0154284117
2325 0.293890905
2326 -0.00830925171
2327 0.104218571
2328 0.738826897
2329 -0.0375809688
2330 -0.0225537063
2331 0.0371858497
2332 0.0666412692
2333 0.212210361
2334 0.0144350802
2335 0.227090965
2336 -0.00079285741
2337 0.170521203
2338 -0.00751855974
2339 -0.00118726504
2340 -0.0678460269
2341 0.0741620641
2342 0.393846809
2343 0.175263137
2344 0.0929522562
2345 0.151722514
2346 -0.0456903635
2347 0.0567616988
2348 0.0444940592
2349 0.171091871
2350 -0.0225537063
2351 0.392976512
2352 0.244497937
2353 0.319876125
2354 0.222915419
2355 -0.365318512
2356 0.00537441026
2357 0.133505503
2358 0.192029629
2359 0.732507356
2360 0.371706504
2361 1.4082801
2362 1.26026323
2363 0.244497937
2364 0.133697273
2365 0.110779234
